Kb = 0.509;
Km = 0.509;
La = 0.0034;
Ra = 7.101;
J = 0.3;
b = 0.000931;
K =  651.71/12;

T = 0.01372;
