Kb = 0.000984;
Km = Kb;
La = 0.0034;
Ra = 7.101;
b = 0.000000136;
J = 0.00567;