Kb = 0.509;
Km = Kb;
La = 0.0034;
Ra = 7.101;
b = 0.000931;
J = 0.00567;